#c 1 0.9019607843137255 0.011764705882352941
S 0 0 0 1 B -0.5 -0.5 -0.5 1 1 1 s 2 2 2 r 0 0 20 r 0 0 -30 r 0 0 5 t -1 0 0 t -2 0 0 t 0.75 0 0 t 0.15 0 0 t 0.25 0 0 r 0 0 5 r 0 0 -4 d B -0.5 -0.5 -0.5 1 1 1 s 2 2 2 r 0 0 20 r 0 0 -30 r 0 0 5 t -1 0 0 t -2 0 0 t 0.75 0 0 t 0.15 0 0 t 0.25 0 0 r 0 0 5 r 0 0 -4 t 2 0 0 t 1.75 0 0 r 0 0 -10 r 0 0 20 r 0 0 -3 t -0.1 0 0 r 0 0 2 r 0 0 -1 d
#c 0 0 0
S 0 0 0 0.25 s 0.3 0.3 0.3 t 0 0 1 t 0 0.5 0 t 0 -0.3 0 t 0 0.2 0 t 0 -0.1 0 t -0.5 0 0 t 0.2 0 0 t 0 0 -0.1 s 2 2 2 s 0.5 0.5 0.5 s 1.5 1.5 1.5 t 0.1 0 -0.3 t 0 0 -0.2 t 0 0.1 0 t 0 -0.2 0
#c 0 0 0
S 0 0 0 0.25 s 0.3 0.3 0.3 t 0 0 1 t 0 0.5 0 t 0 -0.3 0 t 0 0.2 0 t 0 -0.1 0 t 0.3 0 0 t 0 0 -0.1 s 1.5 1.5 1.5 t -0.1 0 -0.3 t 0 0 -0.2 t 0 -0.2 0 t 0 0.1 0
#c 1 0.054901960784313725 0
C 0 -0.0625 0 0.2 1 r 90 10 0 r 0 20 0 r 0 -30 0 r 0 -15 0 t -0.3 -0.2 -0.5 t 0 0 1 t 0 0 -0.05 t 0 0 -0.05 t 0 0 0.05 t 0 0 -0.3
#c 1 0.054901960784313725 0
C 0 -0.0625 0 0.2 1 r 90 10 0 r 0 20 0 r 0 -30 0 r 0 -15 0 r 0 40 0 t -0.3 -0.2 0.45 t 0.6 0 0 t 0 0 -0.3
#c 0 0 0
K 0 0.23750000000000002 -1 0.05 0.05 t 0 0 2 t 0 -1 0 t 0 0.5 0 t 0 0.2 0 t 0 0.3 0 t 0 -0.1 0
#c 0 0 0
B -0.5 -0.5 -0.5 1 1 1 s 0.2 0.2 0.2 s 1 0.1 1 s 1 0.3 1 r 0 0 -30 r 0 0 30 r 0 0 30 r 0 0 -15 t 0 0.5 0.8 t 0 -0.5 0 t 0 0 0.3 t 0 -0.1 -0.1 r 0 0 -5 r 0 0 -5 t 0 0 -0.05 s 1 2 1 t 0 0.1 0 t 0 -0.5 0 t 0 0.45 0
#c 0 0 0
S 0 0 0 1 S 0 0 0 1 t 0 -1 0 i s 1 0.2 0.2 r 0 0 60 r 0 0 -80 r 0 0 -30 r 0 0 60 B -1.5 -0.5 -0.5 1 1 1 s 2 2 2 t 0.25 0 0 t 0.1 0 0 d t 1 0.8 0 B -0.5 -0.5 -0.5 1 1 1 s 0.2 0.2 0.2 s 5 5 5 t 0.5 0.5 0 t 0.2 0 0 t 0.05 0 0 t 0.05 0 0 d
#c 1 0.9019607843137255 0.011764705882352941
S 0 0 0 1 S 0 0 0 1 t 0 -1 0 i s 1 0.2 0.2 r 0 0 60 r 0 0 -80 r 0 0 -30 r 0 0 60 B -1.5 -0.5 -0.5 1 1 1 s 2 2 2 t 0.25 0 0 t 0.1 0 0 d t 1 0.8 0 S 0 0 0 1 S 0 0 0 1 t 0 -1 0 i s 1 0.2 0.2 r 0 0 60 r 0 0 -80 r 0 0 -30 r 0 0 60 B -1.5 -0.5 -0.5 1 1 1 s 2 2 2 t 0.25 0 0 t 0.1 0 0 d t 1 0.8 0 B -0.5 -0.5 -0.5 1 1 1 s 0.2 0.2 0.2 s 5 5 5 t 0.5 0.5 0 t 0.2 0 0 t 0.05 0 0 t 0.05 0 0 d d
#c 1 0.9019607843137255 0.011764705882352941
S 0 0 0 1 S 0 0 0 1 t 0 -1 0 i s 1 0.2 0.2 r 0 0 60 r 0 0 -80 r 0 0 -30 S 0 0 0 1 S 0 0 0 1 t 0 -1 0 i s 1 0.2 0.2 r 0 0 60 r 0 0 -80 r 0 0 -30 B -1.5 -0.5 -0.5 1 1 1 s 2 2 2 t 0.25 0 0 t 0.1 0 0 t 1.5 0.5 0 t -0.5 0 0 t 0.25 0 0 d d t -1 0.8 0 B -0.5 -0.5 -0.5 1 1 1 s 0.2 0.2 0.2 s 5 5 5 t 0.5 0.5 0 t 0.2 0 0 t 0.05 0 0 t 0.05 0 0 t -2 0 0 i
#c 0 0 0
S 0 0 0 1 S 0 0 0 1 t 0 -1 0 i s 1 0.2 0.2 r 0 0 60 r 0 0 -80 r 0 0 -30 S 0 0 0 1 S 0 0 0 1 t 0 -1 0 i s 1 0.2 0.2 r 0 0 60 r 0 0 -80 r 0 0 -30 B -1.5 -0.5 -0.5 1 1 1 s 2 2 2 t 0.25 0 0 t 0.1 0 0 t 1.5 0.5 0 t -0.5 0 0 t 0.25 0 0 d d t -1 0.8 0 S 0 0 0 1 S 0 0 0 1 t 0 -1 0 i s 1 0.2 0.2 r 0 0 60 r 0 0 -80 r 0 0 -30 S 0 0 0 1 S 0 0 0 1 t 0 -1 0 i s 1 0.2 0.2 r 0 0 60 r 0 0 -80 r 0 0 -30 B -1.5 -0.5 -0.5 1 1 1 s 2 2 2 t 0.25 0 0 t 0.1 0 0 t 1.5 0.5 0 t -0.5 0 0 t 0.25 0 0 d d t -1 0.8 0 B -0.5 -0.5 -0.5 1 1 1 s 0.2 0.2 0.2 s 5 5 5 t 0.5 0.5 0 t 0.2 0 0 t 0.05 0 0 t 0.05 0 0 t -2 0 0 i d